r_centre,inflow_velocity,inflow_angle,a,a_prime,f_n,f_t,bec,C_T,alpha,alpha_max,alpha_best,circulation,v0,tsr,pitch
6.672940546967896,9.374289120561016,129.38100661165285,0.11447361591322686,0.07612458844937042,182.6327126499737,84.44439892757426,0.8015937046267994,0.40547762869191145,117.38429230395907,10.0,10.0,-4.4067541289630165,8,10.58,0.0
10.00900612310667,11.314307836977576,50.79141734930022,0.16963817587710378,0.07031612409186853,426.97797698825184,185.69194473794946,0.9045536426676332,0.5634442606487704,38.76900478903227,11.2121212121212,10.6060606060606,29.855318401870644,8,10.58,0.0
13.34580407523511,13.56875283719151,33.47245920522708,0.20722366435397108,0.05129888435526001,696.3144322466144,243.06282856392286,0.9561256453753755,0.6571280691427352,21.903766883754972,11.2121212121212,9.39393939393939,43.00934122194541,8,10.58,0.0
16.68232154052844,16.022665553191256,18.085308189691997,0.41439374167187965,0.07431525714182365,1366.784373198227,422.2079085294638,0.993286180135763,1.0017954467712942,8.046475916633836,13.6363636363636,8.18181818181818,72.87258649965463,8,10.58,0.0
20.0184759168035,18.58218383939587,14.654881298788375,0.435780883766771,0.053220132159902525,1693.1941170707205,421.4074597296107,0.9978402117786977,1.0315313114868192,6.578272293401243,16.0606060606061,8.78787878787879,76.64679310955681,8,10.58,0.0
23.35448768472906,21.22133277031307,12.471110349168224,0.44410641991567973,0.039225957706600395,1999.1719277019756,417.09423959761733,0.9992470844430813,1.043106818654151,5.887520458278247,17.8787878787879,10.0,78.55291050447939,8,10.58,0.0
26.69106852484301,23.915398947136563,10.946202252573977,0.4454725213350721,0.029835445338915235,2289.5863015975724,413.5431177422582,0.9997187564723942,1.0450061938401627,5.284995329078711,17.8787878787879,10.0,79.41108108407447,8,10.58,0.0
30.02744069380972,26.645859750843073,9.832598362726795,0.4419256322038829,0.02326366866109989,2563.884366456056,410.78378875611617,0.99988698129688,1.0400747347935049,4.822340894214709,17.8787878787879,10.0,79.54286421481034,8,10.58,0.0
33.36423513674197,29.400499320383954,8.939943102443497,0.43785544112773156,0.01857267942859343,2833.4070075970394,407.8685973308942,0.999953627698588,1.0344156967289622,4.492886040632012,16.0606060606061,10.0,79.4757719936125,8,10.58,0.0
36.70036540293389,32.172222093105134,8.206101580804974,0.43361551153626043,0.01512546037065459,3099.0100701365336,404.9560098531005,0.9999806504107145,1.028520660722003,4.275574702811704,16.0606060606061,10.0,79.29468324534379,8,10.58,0.0
40.03665517241379,34.95768158766268,7.592892892931445,0.4292091724446599,0.012528541936853321,3360.6134759815104,402.2954048418268,0.9999917642749263,1.0223942553080763,4.152483844115683,16.0606060606061,10.0,79.02976070503749,8,10.58,0.0
43.37350887089437,37.75391682919949,7.061571566015246,0.42558603681481966,0.010545472045702536,3622.774960271996,399.93938141492305,0.9999964254061326,1.0173567860446786,4.12387166483907,15.4545454545455,10.0,78.80164605613558,8,10.58,0.0
46.70987073478967,40.55755420222051,6.582846589125496,0.4238311341350838,0.009019677113476942,3892.0915740634973,397.93578898433543,0.9999982829473395,1.0149168364505718,4.192162345428927,15.4545454545455,10.0,78.74022253991672,8,10.58,0.0
50.04619223459137,43.367879755505456,6.150440946500924,0.42358813730092143,0.00783082442395726,4168.704025091618,396.76860893018926,0.9999986742043318,1.0145789829423801,4.350425971996339,14.8484848484848,10.0,78.81726320162164,8,10.58,0.0
53.38224074576885,46.184184191221846,5.768593255433893,0.42361310506107563,0.006886607934122928,4446.736573940798,396.9790484936292,0.999997846820698,1.0146136971615545,4.586702719155338,14.2424242424242,9.39393939393939,78.90533739907637,8,10.58,0.0
56.71861940572266,49.00461524168548,5.417767316169301,0.42504507696568117,0.0061189726581611995,4733.919653902686,397.2071240137269,0.9999951657354444,1.0166046561519075,4.867016049434608,14.2424242424242,9.39393939393939,79.13082403658396,8,10.58,0.0
60.05534136056972,51.82889988153312,5.105092288863396,0.4265315710529797,0.0054761619338723954,5022.582139272272,397.5022186888616,0.9999882426920625,1.018671420700636,5.181979445338321,14.2424242424242,8.78787878787879,79.35103646867627,8,10.58,0.0
63.39116532297232,54.65578200492102,4.835172394322294,0.42684253147031637,0.004923977318807542,5303.762118463303,398.006344111524,0.9999703118628561,1.019103768176553,5.522157806630029,14.8484848484848,8.18181818181818,79.43496135060272,8,10.58,0.0
66.72788765294773,57.48596758080002,4.602938023934368,0.425802017625675,0.004437730341935242,5574.857270158444,398.16164166747916,0.9999231682260595,1.0176570775069156,5.865738916386447,15.4545454545455,8.18181818181818,79.3638867462828,8,10.58,0.0
70.06452203065135,60.31870844979838,4.412813377699506,0.4221445229037002,0.004001089336946388,5823.934964135764,398.25383810979133,0.9997943465422128,1.012571836675399,6.2051724419885455,14.8484848484848,7.57575757575757,78.9995906825511,8,10.58,0.0
73.40058382486387,63.153822847834185,4.265935133947191,0.41493425984715765,0.0036069182008056453,6039.576562539587,398.79415149978036,0.9994320559975063,1.0025469625776153,6.528426533982661,14.8484848484848,6.96969696969697,78.2347490935093,8,10.58,0.0
76.73649718106726,65.99143564240532,4.157333734531004,0.40407288278669296,0.00324932544120324,6215.359883599035,399.5344356322398,0.9984091003549045,0.9874457191547535,6.805176188735789,14.8484848484848,6.96969696969697,77.04116716848385,8,10.58,0.0
80.07344200626959,68.83254374384703,4.084017084842067,0.389285729328531,0.0029241361535048017,6340.503061165786,400.063525772284,0.9955449709058684,0.9668862263151448,7.02695103777064,14.8484848484848,6.96969696969697,75.34279938206343,8,10.58,0.0
83.40979293189224,71.67586871563763,4.042086348480797,0.37053369454280927,0.0026306109767497425,6399.361627324776,399.351906521827,0.9877274522744481,0.9408141140593312,7.171424161339979,14.8484848484848,6.96969696969697,73.0225382426922,8,10.58,0.0
86.7461529815203,74.52356091580515,4.0443414078563125,0.3451627877660594,0.002368060266740142,6335.654577743237,395.92863656437527,0.966796154410877,0.9055393752337151,7.1800812406673575,14.8484848484848,6.36363636363637,69.53343026021729,8,10.58,0.0
90.08278302387268,77.37919600991778,4.1421366685472805,0.3037694143904593,0.002106619185114795,5925.088038045118,380.94674561268823,0.911981637262367,0.8459742290853469,7.005464069900131,14.8484848484848,6.36363636363637,62.63485419778814,8,10.58,0.0
93.41876858237546,80.23874506355477,4.358225303596131,0.24072745810274007,0.0017550626509795246,4703.813612328,320.567608588988,0.7854265923684818,0.7311109960725344,6.404266810018801,14.2424242424242,6.36363636363637,47.96474353971667,8,10.58,0.0
96.755,83.104986407765,5.411961731820926,0.025986247003091923,0.00022048593080584134,417.3839068933226,36.14901323480701,0.5123282282601421,0.10124384787914488,5.449203988504429,14.2424242424242,6.36363636363637,4.115107270350139,8,10.58,0.0
