alpha,c_l,c_d,c_m
-180.0,0.0,0.0138578957310068,0.0
-177.0,0.0743807715944438,0.0152271229517367,0.120000000361047
-174.0,0.148761542073449,0.018879605489571,0.239999998922534
-171.0,0.22314272238949,0.0247805533867968,0.360000658682385
-168.0,0.297526863715078,0.0399283819822225,0.39212900392658
-165.0,0.371903856440383,0.0753909484819624,0.380324009069204
-162.0,0.446288689100055,0.118706141243268,0.368517769870244
-159.0,0.52066129996948,0.16962338996402,0.368239194783657
-156.0,0.595048112881619,0.226719386359022,0.391019908958692
-153.0,0.66942773781032,0.288951296304985,0.413800764224912
-150.0,0.743807713718608,0.356066197941555,0.434749718267991
-147.0,0.786061022358573,0.427786059868573,0.437381636300573
-144.0,0.764100110366891,0.501909595332231,0.438260336152932
-141.0,0.742324630761018,0.579316639147033,0.439442121091903
-138.0,0.719450076638832,0.657918416210189,0.441843172338355
-135.0,0.695149983360476,0.737337651694743,0.444175813202438
-132.0,0.668230061269385,0.816934862172396,0.446508454092637
-129.0,0.63771996601712,0.895227087472153,0.450242219553197
-126.0,0.603521969928411,0.971710105750412,0.454696067597935
-123.0,0.566572632569487,1.04624169373667,0.459656078190875
-120.0,0.52535456523527,1.11643266245671,0.464328506857299
-117.0,0.481303382911526,1.1826117832027,0.468368255110404
-114.0,0.434752362169065,1.24468784024859,0.472002982387528
-111.0,0.385493139004486,1.30152506333251,0.475622197320465
-108.0,0.333314041059184,1.35067139914591,0.476481234285228
-105.0,0.279561279288046,1.39402979008167,0.47671681002576
-102.0,0.224538729361961,1.43139254783705,0.476364024502161
-99.0,0.168364827481816,1.459933827124,0.474296978044831
-96.0,0.111943229994099,1.48018838411773,0.470071232608762
-93.0,0.0557351999059303,1.49357205601659,0.46517089371885
-90.0,-2.18325427109978e-10,1.49999999997485,0.460270554762467
-87.0,-0.0557351995717621,1.49357205605516,0.449111256822559
-84.0,-0.111943229841395,1.48018838416547,0.437951958787111
-81.0,-0.168364827921904,1.45993382690045,0.426287021457188
-78.0,-0.224538729802049,1.4313925476134,0.413004038636173
-75.0,-0.279561279067632,1.3940297902378,0.398436137232977
-72.0,-0.333314040813249,1.35067139937202,0.383486578273071
-69.0,-0.38549313932552,1.30152506296215,0.368191960231715
-66.0,-0.434752361808843,1.24468784066429,0.351369702606092
-63.0,-0.481303382848524,1.18261178329162,0.334547444814289
-60.0,-0.525354565368173,1.11643266223043,0.317646892356035
-57.0,-0.566572632132343,1.04624169448124,0.300589750701638
-54.0,-0.603521969998474,0.971710105607822,0.283461431843363
-51.0,-0.637719966270128,0.895227086862809,0.26643906834129
-48.0,-0.668230061408361,0.816934861758614,0.249568199416067
-45.0,-0.69514998312694,0.737337652381893,0.232992105888118
-42.0,-0.681950076637208,0.657918416215627,0.216318766994849
-39.0,-0.667324630802447,0.57931663899916,0.188603470578075
-36.0,-0.651600110134411,0.501909596117824,0.146322472794872
-33.0,-0.636061022429488,0.427786059629393,0.102021357175389
-30.0,-0.741256184647127,0.319697394873592,0.0686873711861134
-29.3939393939394,-0.778906483358436,0.294135263913954,0.0630254132096496
-28.7878787878788,-0.817415367028815,0.268473218500733,0.0573403298861984
-28.1818181818182,-0.856725002271574,0.242726847692042,0.0516278151003491
-27.5757575757576,-0.882202672775735,0.225642667052763,0.0464997336692456
-26.969696969697,-0.902097689674462,0.212275926132313,0.0416263123993211
-26.3636363636364,-0.920887040003123,0.199237463211886,0.0367419367943544
-25.7575757575758,-0.938887480517185,0.186390013905556,0.0320405096042895
-25.1515151515151,-0.95738818620072,0.173542564599225,0.0273540611239931
-24.5454545454545,-0.983569192492564,0.160408298085078,0.0227011537520586
-23.9393939393939,-1.01000002209918,0.146830386579055,0.0177756068287671
-23.3333333333333,-1.02191270228568,0.13845419335761,0.0149128761945714
-22.7272727272727,-1.03382480949668,0.130078298378909,0.0120504251712449
-22.1212121212121,-1.04573647630266,0.121702678300272,0.00918820314431945
-21.5151515151515,-1.05764779730496,0.113327312153041,0.00632617102030193
-20.9090909090909,-1.06955884182083,0.10495218104826,0.00346429812513249
-20.3030303030303,-1.08146966180142,0.0965772679250788,0.000602560053405016
-19.6969696969697,-1.08830449122901,0.0894903641216801,-0.00140133729650401
-19.0909090909091,-1.09005997807357,0.0836913183587146,-0.00254739870513132
-18.4848484848485,-1.09181090340771,0.0778922758063025,-0.00369333138655656
-17.8787878787879,-1.09241423462319,0.0722895723413465,-0.00474879182019347
-17.2727272727273,-1.08840369349668,0.0674747776908019,-0.00544283990284036
-16.6666666666667,-1.08432708430375,0.0626645778907454,-0.00613675718168329
-16.0606060606061,-1.08018416513879,0.0578594586917565,-0.00683052437754757
-15.4545454545455,-1.07179091905621,0.0537153833374941,-0.00722058355448407
-14.8484848484848,-1.06118376717301,0.0497089301282588,-0.00757685900149543
-14.2424242424242,-1.05282425170102,0.0457983544012743,-0.00793309882575738
-13.6363636363636,-1.04715452887511,0.0419834606612786,-0.00864631923735121
-13.030303030303,-1.04098237076016,0.0379713801913289,-0.00950024066990515
-12.4242424242424,-1.03481021264521,0.0339155154111876,-0.0102884274481869
-11.8181818181818,-1.02140429800395,0.0299938973744754,-0.0120318737531715
-11.2121212121212,-0.991119616316142,0.0263855217728456,-0.0164268703877243
-10.6060606060606,-0.958521074971174,0.0227771461712159,-0.0211516837146575
-10.0,-0.930550252940533,0.0191687705695861,-0.0258764970415908
-9.39393939393939,-0.850682472614583,0.0166704869037906,-0.0351470709535905
-8.78787878787879,-0.768134308104912,0.014158076602081,-0.0448791513078199
-8.18181818181818,-0.686423129189525,0.0118353805009372,-0.0543626052753356
-7.57575757575758,-0.60498229951739,0.0107214606450092,-0.0594568011072685
-6.96969696969697,-0.523577295526613,0.0100478010247352,-0.0638862055225416
-6.36363636363636,-0.442324912337998,0.00937662182513943,-0.068498897305512
-5.75757575757576,-0.362266286908856,0.00881725164891464,-0.0723081227510405
-5.15151515151515,-0.283801015839509,0.00843721153646194,-0.0751481273833054
-4.54545454545454,-0.205341276382097,0.0081120101879919,-0.0779881320155703
-3.93939393939394,-0.127017617547718,0.007820778168309,-0.0807637394529425
-3.33333333333333,-0.0498550530215226,0.00773293275074568,-0.0829597720877153
-2.72727272727273,0.0272997867693015,0.00764552533199921,-0.0850961391342962
-2.12121212121212,0.104440638863353,0.00755857129461452,-0.0870352314044138
-1.51515151515152,0.181086285276788,0.00753811098287748,-0.0888645492304595
-0.909090909090912,0.257527590476408,0.00753958250382136,-0.0906562263088653
-0.303030303030302,0.333564832352074,0.00757149993884782,-0.0923752844724133
0.303030303030302,0.409663860194352,0.0076220486919577,-0.0940514606152029
0.909090909090912,0.485838734707491,0.00769123262683681,-0.0956827879425493
1.51515151515152,0.56126566665469,0.00779304455938377,-0.0972438370254627
2.12121212121212,0.63613320204873,0.00790941242739911,-0.0987749963242609
2.72727272727273,0.710694547055639,0.00806098589760583,-0.100232692238412
3.33333333333333,0.784834175709792,0.0082406441869288,-0.101627249377075
3.93939393939394,0.858622615478757,0.00844331146860129,-0.102970246734186
4.54545454545455,0.931477375927782,0.00870820934896897,-0.104194838009589
5.15151515151515,1.00388088113035,0.00900035415997578,-0.105370068106141
5.75757575757576,1.07524912218636,0.0093542318928538,-0.106435182144437
6.36363636363637,1.14540029005503,0.00978771192045614,-0.107366223836656
6.96969696969697,1.21473549634679,0.0102737915846617,-0.108208094832374
7.57575757575757,1.28214907308118,0.0108545326689079,-0.108836551341295
8.18181818181818,1.34850017710988,0.0114920215736392,-0.109351755312872
8.78787878787879,1.41258362604999,0.0122391823922241,-0.109629477945986
9.39393939393939,1.47501033215879,0.0130241609630774,-0.109723894094599
10.0,1.53654444715772,0.0138296723867664,-0.109719971537001
10.6060606060606,1.59412890133483,0.01475947472899,-0.109326083231943
11.2121212121212,1.64997336225956,0.0157550717310277,-0.108782438113799
11.8181818181818,1.70258556481322,0.0168679320814454,-0.107959818469995
12.4242424242424,1.74975769678524,0.0182480565478323,-0.106769208606724
13.030303030303,1.79401631566398,0.0197188802379084,-0.105399675714617
13.6363636363636,1.82712235294312,0.0217776802816792,-0.103610251146187
14.2424242424242,1.85479921712511,0.0242962762402888,-0.101790242004136
14.8484848484848,1.87668336638124,0.0274819941275242,-0.0999466974866528
15.4545454545455,1.87295908427468,0.0322492019752195,-0.0980237077260911
16.0606060606061,1.8586445004317,0.0379205270380596,-0.0961717125527953
16.6666666666667,1.80919111296776,0.0469844355382193,-0.0953070342649616
17.2727272727273,1.75973772550383,0.0560483440383791,-0.0944915723832452
17.8787878787879,1.7102843380399,0.0651122525385387,-0.0937387989556485
18.4848484848485,1.65338339256573,0.0762128107721948,-0.0949778468216975
19.0909090909091,1.59462055798393,0.0878225313312276,-0.0966785822822017
19.6969696969697,1.53585772340212,0.0994322518902605,-0.0983897532914062
20.3030303030303,1.48765187130824,0.111638087866836,-0.100936867575855
20.9090909090909,1.45000300010995,0.124533513432446,-0.104343971102806
21.5151515151515,1.41235412891166,0.13759081405555,-0.107857369516203
22.1212121212121,1.37470525771337,0.15041222600126,-0.111476510293795
22.7272727272727,1.33678005727728,0.162375316711929,-0.115121155436728
23.3333333333333,1.29785206343068,0.174629943655187,-0.118787596862571
23.9393939393939,1.25892406958408,0.187177425984084,-0.122472812087164
24.5454545454545,1.22736286524604,0.201498943443599,-0.126809201911626
25.1515151515151,1.19821555167067,0.216093346820317,-0.131224350014213
25.7575757575758,1.17382437149818,0.230819140395401,-0.135648405489782
26.3636363636364,1.1491958978446,0.245765033037288,-0.140082693913583
26.969696969697,1.12560523307244,0.260287349402374,-0.14452881761502
27.5757575757576,1.10259668734627,0.274686810322293,-0.148988731881162
28.1818181818182,1.08016701723517,0.2899919165315,-0.153552706292679
28.7878787878788,1.05420720123945,0.307410195502464,-0.158327914553366
29.3939393939394,1.03665884846344,0.324950967691175,-0.163103140285325
30.0,1.02109730073762,0.343603413510659,-0.167878395554076
33.0,0.972944317756411,0.427786059629393,-0.190225305364119
36.0,0.979071585906301,0.501909596117824,-0.209776057033179
39.0,0.98546375828921,0.579316638999161,-0.229098776946992
42.0,0.990285823767439,0.657918416215627,-0.246643534139102
45.0,0.993071404467057,0.737337652381893,-0.262863000046478
48.0,0.954614373440517,0.816934861758614,-0.2790051132059
51.0,0.91102852324304,0.895227086862809,-0.294430187525124
54.0,0.862174242854963,0.971710105607822,-0.309500468238493
57.0,0.809389474474775,1.04624169448124,-0.324303034058252
60.0,0.750506521954532,1.11643266223043,-0.338880847180442
63.0,0.687576261212177,1.18261178329162,-0.352964204927499
66.0,0.621074802584061,1.24468784066429,-0.366800334926294
69.0,0.550704484750743,1.30152506296215,-0.380636464788408
72.0,0.476162915447498,1.35067139937202,-0.393333479180694
75.0,0.399373255810902,1.3940297902378,-0.405773193252268
78.0,0.320769614002926,1.4313925476134,-0.417962506200203
81.0,0.240521182745577,1.45993382690045,-0.429398831072508
84.0,0.159918899773421,1.48018838416547,-0.439886948853665
87.0,0.0796217136739455,1.49357205605516,-0.450078751853589
90.0,3.11893334118267e-10,1.49999999997485,-0.460270554766257
93.0,-0.0557351999059301,1.49357205601659,-0.46517089371885
96.0,-0.1119432299941,1.48018838411773,-0.470071232608762
99.0,-0.168364827481817,1.459933827124,-0.474296978044831
102.0,-0.224538729361961,1.43139254783705,-0.476364024502161
105.0,-0.279561279288047,1.39402979008167,-0.47671681002576
108.0,-0.333314041059184,1.35067139914591,-0.476481234285228
111.0,-0.385493139004487,1.30152506333251,-0.475622197320465
114.0,-0.434752362169065,1.24468784024859,-0.472002982387528
117.0,-0.481303382911526,1.1826117832027,-0.468368255110404
120.0,-0.52535456523527,1.11643266245671,-0.464328506857299
123.0,-0.566572632569487,1.04624169373667,-0.459656078190875
126.0,-0.603521969928411,0.971710105750412,-0.454696067597935
129.0,-0.63771996601712,0.895227087472153,-0.450242219553197
132.0,-0.668230061269385,0.816934862172395,-0.446508454092637
135.0,-0.695149983360476,0.737337651694743,-0.444175813202438
138.0,-0.719450076638833,0.657918416210189,-0.441843172338355
141.0,-0.742324630761018,0.579316639147032,-0.439442121091903
144.0,-0.764100110366891,0.501909595332231,-0.438260336152932
147.0,-0.786061022358573,0.427786059868573,-0.437381636300573
150.0,-0.743807713718608,0.356066197941554,-0.434749718267991
153.0,-0.669426942262963,0.288950614855333,-0.413800520553639
156.0,-0.595046170807318,0.226717825564982,-0.391019314174264
159.0,-0.520665399351673,0.169626447542962,-0.368240450141071
162.0,-0.446284627896028,0.118703649568549,-0.388518414590163
165.0,-0.371903856440384,0.0753909484819625,-0.43032400923573
168.0,-0.297523084984738,0.0399267300912269,-0.472129603881297
171.0,-0.223142313529093,0.024780518117902,-0.449999998824567
174.0,-0.148761542073449,0.018879605489571,-0.299999998653168
177.0,-0.0743807715944438,0.0152271229517367,-0.150000000451309
180.0,0.0,0.0138578957310068,0.0
