alpha,c_l,c_d,c_m
-180.0,0.0,0.0291608426807085,0.0
-177.0,0.0892661485158503,0.0303144249021029,0.120000000361047
-174.0,0.178532295693035,0.0333912858006481,0.239999998922534
-171.0,0.267798934725481,0.0383610879187541,0.360000658682385
-168.0,0.357069127336524,0.0472987053149535,0.403537687127704
-165.0,0.446330740740859,0.0724499474482329,0.408843543967169
-162.0,0.53560176303852,0.109326215670997,0.4141499600867
-159.0,0.624858117672486,0.152383811109054,0.425088131245225
-156.0,0.714131516518644,0.2009031820625,0.447296583410657
-153.0,0.803396288893426,0.253963248396567,0.469502215852508
-150.0,0.892661482487231,0.311331375158492,0.488776584220214
-147.0,0.933661072436194,0.37275599676542,0.47873908938453
-144.0,0.87809199052512,0.436339054515362,0.465586803320664
-141.0,0.828933045372919,0.502817071184754,0.452685888173704
-138.0,0.781866158893403,0.570386692441949,0.443531774898875
-135.0,0.736256086014486,0.638711976552324,0.436826775079086
-132.0,0.691717307909928,0.707231153207755,0.43012177518423
-129.0,0.647225994447465,0.774793800649528,0.426909474177001
-126.0,0.602062578082591,0.841026831454838,0.425492182435358
-123.0,0.556057926827166,0.905600476953764,0.425400274589012
-120.0,0.508437476260092,0.96644192082494,0.425631143615075
-117.0,0.459662211457081,1.02383151640959,0.426457736346926
-114.0,0.409878946351831,1.07768711888887,0.427589621065995
-111.0,0.359019198240905,1.12702253663832,0.428718651586069
-108.0,0.30718909653492,1.16971138191358,0.428344339894785
-105.0,0.255011135920348,1.20739989780358,0.427630886598423
-102.0,0.202648240784235,1.23990683605759,0.42653500301133
-99.0,0.150516009959874,1.26478263603168,0.424131700544063
-96.0,0.0992312661484119,1.28248931639919,0.420081597027475
-93.0,0.048986132196554,1.29425303377096,0.41551610864168
-90.0,-1.91888044853162e-10,1.29999999997749,0.410949372326229
-87.0,-0.0489861319028507,1.29425303380542,0.401375918876301
-84.0,-0.0992312660105166,1.282489316441,0.391800573466176
-81.0,-0.150516010368298,1.2647826358368,0.381830655184498
-78.0,-0.202648241192659,1.2399068358627,0.37061125966935
-75.0,-0.255011135709699,1.20739989793937,0.358415795911839
-72.0,-0.307189096291955,1.16971138211003,0.345954154162089
-69.0,-0.35901919857237,1.12702253631679,0.333284751243419
-66.0,-0.409878945979905,1.07768711924965,0.319695551813066
-63.0,-0.459662211388696,1.02383151648672,0.306106352248472
-60.0,-0.508437476413638,0.966441920628763,0.292571316795322
-57.0,-0.556057926322121,0.905600477599026,0.279043474638653
-54.0,-0.602062578170178,0.841026831331326,0.265572052893156
-51.0,-0.647225994796824,0.77479380012198,0.252187363872634
-48.0,-0.691717308139037,0.707231152851448,0.238912538982141
-45.0,-0.736256085627449,0.638711977143639,0.225845580646174
-42.0,-0.819366158890272,0.570386692446625,0.212780903873269
-39.0,-0.90393304546614,0.502817071057688,0.184206600589242
-36.0,-0.990591989935398,0.436339055189709,0.134517256510443
-33.0,-1.08366107261528,0.372755996560407,0.0822372582875513
-30.0,-1.23904794575596,0.280205342869619,0.0527051560113603
-29.3939393939394,-1.27484525708618,0.25872301395398,0.0490249362692683
-28.7878787878788,-1.31056921840584,0.23751732656841,0.0453445844990401
-28.1818181818182,-1.34620053402973,0.216433956754462,0.0416642168243206
-27.5757575757576,-1.36157695293366,0.203827819433182,0.0383111866750943
-26.969696969697,-1.3682685938914,0.194786569285253,0.0350979918513797
-26.3636363636364,-1.37491874840158,0.185971666660471,0.0318842584004101
-25.7575757575758,-1.3815274168858,0.177169824164412,0.0286699306315797
-25.1515151515151,-1.38809459976568,0.168372625282451,0.0254549479990457
-24.5454545454545,-1.388938479281,0.159580616927262,0.0222392464033939
-23.9393939393939,-1.38745981624014,0.150964012192986,0.0191172357114704
-23.3333333333333,-1.38236289159881,0.143883103597718,0.016841609987277
-22.7272727272727,-1.37285411665237,0.136818978044598,0.0145594765654346
-22.1212121212121,-1.35560327383645,0.12978282887096,0.0122707835363895
-21.5151515151515,-1.33786641637106,0.122798648625033,0.00997595354611767
-20.9090909090909,-1.3231177659968,0.115643158427716,0.00767811552192525
-20.3030303030303,-1.30843876706648,0.108314524528456,0.00541685319624671
-19.6969696969697,-1.29288801167222,0.101662921982318,0.00359160834514844
-19.0909090909091,-1.27642872073152,0.0956183789322748,0.00223097500830968
-18.4848484848485,-1.25971759374366,0.0895779431341378,0.000912206655318598
-17.8787878787879,-1.24264116475861,0.0836871830923122,-0.000286270091086715
-17.2727272727273,-1.22478323641935,0.0783866853672914,-0.000975453997556818
-16.6666666666667,-1.20688230495066,0.0730879755095157,-0.00166803343890434
-16.0606060606061,-1.18894604853732,0.0677907963671758,-0.00236340424715831
-15.4545454545455,-1.17263944765115,0.062915151554329,-0.00244364830253272
-14.8484848484848,-1.1565078681203,0.0580862650223126,-0.00245777401112132
-14.2424242424242,-1.14036896580035,0.0532573838020525,-0.00247402224597847
-13.6363636363636,-1.12418655099681,0.0487656173504175,-0.0026772167885377
-13.030303030303,-1.10795774157861,0.0445300541069223,-0.00307204079936425
-12.4242424242424,-1.09170415314367,0.0402818412186271,-0.00320660326527892
-11.8181818181818,-1.06643130737261,0.0363707688705952,-0.00436558841393453
-11.2121212121212,-1.01963125475447,0.0332606945147392,-0.00812224562594127
-10.6060606060606,-0.972595205792018,0.0301411161278141,-0.0118795737661379
-10.0,-0.925158888428407,0.0270119166089365,-0.015939142571918
-9.39393939393939,-0.854848996560905,0.0250427041353924,-0.0226991672439924
-8.78787878787879,-0.784508184718204,0.0230723824704397,-0.0293579572987108
-8.18181818181818,-0.714102677285356,0.0211007402985355,-0.0359241078906031
-7.57575757575758,-0.640830351196671,0.0195963696605662,-0.0417243780417998
-6.96969696969697,-0.565721380013402,0.018292661635048,-0.0472329374485429
-6.36363636363636,-0.490610287426484,0.0169889270193631,-0.0527601883089298
-5.75757575757576,-0.411942145255142,0.0159243306931609,-0.0583758423998618
-5.15151515151515,-0.327935753919755,0.015218526205786,-0.0640932096604797
-4.54545454545454,-0.243920592005189,0.0145128015147616,-0.0698057824046237
-3.93939393939394,-0.15954447469052,0.0138476861530199,-0.075464056302012
-3.33333333333333,-0.0719940348935148,0.0135471892202242,-0.0806848539446168
-2.72727272727273,0.0155930565271527,0.0132467819287772,-0.0858906209257469
-2.12121212121212,0.103210899509148,0.0129464791953311,-0.0912254002222368
-1.51515151515152,0.190159917693021,0.012786078989786,-0.0960163397358154
-0.909090909090912,0.277145323834746,0.0126723634618594,-0.100449566957823
-0.303030303030302,0.363207146075849,0.0126250777570618,-0.104475818447532
0.303030303030302,0.448654595182243,0.012611797813715,-0.108295935173811
0.909090909090912,0.53350065714931,0.0126325252204395,-0.111900626715023
1.51515151515152,0.61739725897344,0.0126990398280043,-0.115195633423665
2.12121212121212,0.700910129932086,0.0127835872713984,-0.118373086049898
2.72727272727273,0.783575085779155,0.0129079020279941,-0.121293256308243
3.33333333333333,0.865658128960302,0.0130598861354837,-0.124059431548139
3.93939393939394,0.947265254982916,0.0132345143673621,-0.126699396345245
4.54545454545455,1.02785172037669,0.0134554170062268,-0.129099689461999
5.15151515151515,1.10803023033843,0.0136941785582539,-0.131409877453959
5.75757575757576,1.18732826495068,0.0139709105699857,-0.13352922170363
6.36363636363637,1.26577634248018,0.0142889822984853,-0.135478083638981
6.96969696969697,1.34366092852937,0.0146348090630683,-0.137313317138356
7.57575757575757,1.41972414929001,0.0150595280363318,-0.138837795688448
8.18181818181818,1.49499710268798,0.0155184648902926,-0.14022808175558
8.78787878787879,1.56864680889185,0.0160471991749927,-0.141343244971458
9.39393939393939,1.64009414790706,0.0166709723732648,-0.142119810602602
10.0,1.71039968578039,0.0173467346064248,-0.142714165124458
10.6060606060606,1.77682337932587,0.0182423389040505,-0.142766508586714
11.2121212121212,1.84196761440674,0.0192695120037506,-0.142622917430625
11.8181818181818,1.9005864358146,0.0205418824245068,-0.142114344307575
12.4242424242424,1.95107580748338,0.0223378971883056,-0.141228033987222
13.030303030303,1.99748467051202,0.0244259852824189,-0.140171320266204
13.6363636363636,2.02851678644178,0.0278614195623507,-0.138984416350511
14.2424242424242,2.05404389967948,0.0318501578869027,-0.13776193405929
14.8484848484848,2.07296173368885,0.0366395299978421,-0.136435465876352
15.4545454545455,2.08688578373638,0.042301162916178,-0.135102048598387
16.0606060606061,2.09823408173822,0.0483633448977267,-0.133742822614309
16.6666666666667,2.10016598692449,0.0556683255886968,-0.132108955988401
17.2727272727273,2.10192007044373,0.0630079691000133,-0.13047032271927
17.8787878787879,2.10358793638217,0.070376799600999,-0.128826469360202
18.4848484848485,2.08078144893143,0.0806200529254239,-0.127759099684594
19.0909090909091,2.0518072589376,0.0915924414688772,-0.126876884494803
19.6969696969697,2.02277403173307,0.102581046406919,-0.126026369144027
20.3030303030303,1.99776766817252,0.114400617861466,-0.12690446669067
20.9090909090909,1.97680425774882,0.127046282689965,-0.129500297572204
21.5151515151515,1.94988234218428,0.139704059335591,-0.132101441317002
22.1212121212121,1.91106148618918,0.152377493336307,-0.134708498178394
22.7272727272727,1.87218217770655,0.165071663730854,-0.137322162255215
23.3333333333333,1.83323473224508,0.177794112653785,-0.139943240516406
23.9393939393939,1.79420720086752,0.190018508786598,-0.142572676605728
24.5454545454545,1.77643691361436,0.202317509231856,-0.146325321026411
25.1515151515151,1.75903939521462,0.214625104580787,-0.15020504781042
25.7575757575758,1.73583850272191,0.226935214734693,-0.154087886519359
26.3636363636364,1.71249662474708,0.23924821270064,-0.157973971913829
26.969696969697,1.68898995783153,0.251564549090692,-0.161863445273336
27.5757575757576,1.6652890204468,0.263884773411634,-0.165756454958342
28.1818181818182,1.64327558931224,0.276094414856656,-0.16946376379924
28.7878787878788,1.62561247616255,0.288052130193412,-0.172727527957663
29.3939393939394,1.60722982016125,0.300023804507834,-0.175986180809532
30.0,1.5870868187067,0.312003298700646,-0.179238836786098
33.0,1.48380153230754,0.372755996560407,-0.195670932088711
36.0,1.36691712847914,0.436339055189709,-0.213101718960929
39.0,1.25919006495163,0.502817071057688,-0.230187134950285
42.0,1.15445165555753,0.570386692446626,-0.244428882980149
45.0,1.05179440803921,0.638711977143639,-0.256549747063624
48.0,0.988167583055768,0.707231152851448,-0.268672692960381
51.0,0.924608563995463,0.77479380012198,-0.280126743995883
54.0,0.860089397385968,0.841026831331326,-0.291238960821222
57.0,0.794368466174458,0.905600477599026,-0.30210493243289
60.0,0.726339252019483,0.966441920628764,-0.312940591589625
63.0,0.656660301983851,1.02383151648672,-0.323698186184754
66.0,0.585541351399864,1.07768711924965,-0.334293363095773
69.0,0.5128845693891,1.12702253631679,-0.344888539902126
72.0,0.438841566131364,1.16971138211003,-0.355073169486789
75.0,0.364301622442427,1.20739989793937,-0.365165065726563
78.0,0.289497487418084,1.2399068358627,-0.375132105244925
81.0,0.215022871954711,1.26478263583679,-0.384632970336202
84.0,0.141758951443595,1.282489316441,-0.39353511929509
87.0,0.0699801884326437,1.29425303380542,-0.402243329350392
90.0,2.74125637795536e-10,1.29999999997749,-0.410949372329627
93.0,-0.0489861321965538,1.29425303377096,-0.41551610864168
96.0,-0.0992312661484122,1.28248931639919,-0.420081597027475
99.0,-0.150516009959874,1.26478263603168,-0.424131700544063
102.0,-0.202648240784235,1.23990683605759,-0.42653500301133
105.0,-0.255011135920348,1.20739989780358,-0.427630886598423
108.0,-0.30718909653492,1.16971138191358,-0.428344339894785
111.0,-0.359019198240906,1.12702253663832,-0.428718651586068
114.0,-0.409878946351831,1.07768711888887,-0.427589621065995
117.0,-0.459662211457081,1.02383151640959,-0.426457736346926
120.0,-0.508437476260092,0.966441920824939,-0.425631143615075
123.0,-0.556057926827166,0.905600476953764,-0.425400274589012
126.0,-0.602062578082591,0.841026831454838,-0.425492182435358
129.0,-0.647225994447466,0.774793800649527,-0.426909474177001
132.0,-0.691717307909928,0.707231153207754,-0.43012177518423
135.0,-0.736256086014486,0.638711976552324,-0.436826775079086
138.0,-0.781866158893404,0.570386692441949,-0.443531774898875
141.0,-0.828933045372919,0.502817071184753,-0.452685888173705
144.0,-0.87809199052512,0.436339054515362,-0.465586803320664
147.0,-0.933661072436194,0.37275599676542,-0.47873908938453
150.0,-0.89266148248723,0.311331375158492,-0.488776584220214
153.0,-0.803395334137956,0.253962666582514,-0.469501978351537
156.0,-0.714129185788682,0.200901853325847,-0.447296003603859
159.0,-0.624863037439407,0.15238640393234,-0.425089355138917
162.0,-0.535596889090133,0.109324116637731,-0.434149670503453
165.0,-0.446330740740859,0.072449947448233,-0.458843544133696
168.0,-0.357064592391584,0.047297772058477,-0.483537417763939
171.0,-0.26779844404231,0.0383610582181933,-0.449999998824567
174.0,-0.178532295693035,0.0333912858006481,-0.299999998653168
177.0,-0.0892661485158503,0.0303144249021029,-0.150000000451309
180.0,0.0,0.0291608426807085,0.0
